
Input:
5
1 2 5 4 3
Output:
1 2 3 4 5 

Input:
6
1 2 5 4 3 20
Output:
1 2 3 4 5 20 

Input:
10
1 50 4 7 10 24 5 84 3 45
Output:
1 3 4 5 7 10 24 45 50 84 

Input:
10
6 7 9 8 10 11 13 12 14 15
Output:
6 7 8 9 10 11 12 13 14 15 

Input:
9
10 9 8 7 6 5 4 3 2
Output:
2 3 4 5 6 7 8 9 10 

Input:
7
2 1 4 3 6 5 7
Output:
1 2 3 4 5 6 7 

Input:
5
100 1 12 45 80000
Output:
1 12 45 100 80000 

Input:
15
15 12 45 78 10 21 45 14 88 10 121 45 14 12 800
Output:
10 10 12 12 14 14 15 21 45 45 45 78 88 121 800 

Input:
6
10 58 500 120 2640 155
Output:
10 58 120 155 500 2640 
